-43965037
-642992810
-1433473594
1049233412
-1760971185
-2087428510
385688284
-752112222
-1896841986
989153244
-1528494012
934908129
-359388571
264132418
459821863
-1257410286
757687007
1529114259
480770847
458011068
-218870684
177286143
424229671
-1091403522
-997898773
-2116931796
-1548096701
-2005980249
1935867572
-691347832
1568643863
729748014
-391843229
-2103602216
605720729
-1136456306
-1269524926
-62666542
1231583620
796031429
1875878981
1117772830
1674652067
1604990864
-579534954
-498649971
414382121
-1028477940
389859980
1995090024
750570094
955310856
2032537918
-840470023
2055790928
118522836
-1536749291
-1426332812
1162412268
-1098796327
-168940669
118519457
762624366
-1713805579
-1508894854
-2024634729
1720061852
-1825766462
1929798407
1729623980
577767923
604011670
783045903
1346140425
-954755107
-267343492
1516606162
1983890500
-896051537
875866776
2083190965
-2131595788
-1617760209
-1396705697
-275075714
-801997948
1754467951
1478444140
-1009353056
957261432
1889743597
-1307671843
1415603178
-1245888244
-1760419463
-1431627391
-180514890
-1692143279
-1155988644
-1358072626
-143852087
811705153
-1718575254
-1529554010
1778112871
-982332917
1927236064
1440677347
-263736711
1409940056
-819347758
845825069
-137752005
1848180199
1251726113
1958638187
197593111
1622438100
1768179139
-80936033
-211322194
1546952078
1863322766
1838501859
-125220468
1944678608
1334129195
-523377780
-1718462531
285663674
2056077942
-2041464769
-521940049
1038330233
-1819014194
-488207268
-1858247860
-533168266
79343136
1733743678
438836030
-178236685
-2035362976
631536682
2112027499
581478516
1679139448
-226956050
144556653
767586394
